0.8881578947368421
1.7136842105263157
9.984126984126984
2.630434782608696
0.5333333333333333
1.5334728033472804
0.30536130536130535
1.876595744680851
0.796875
1.0731414868105515
8.558441558441558
1.09375
4.617283950617284
62.75
0.7220394736842105
0.9451697127937336
0.13169642857142858
1.7545454545454546
7.337662337662338
0.0
0.034722222222222224
0.36123348017621143
0.5492957746478874
1.1132075471698113
16.25531914893617
1.5
1.742063492063492
1.9090909090909092
1.0871287128712872
1.2307692307692308
0.1797752808988764
0.09685230024213075
1.0286975717439293
0.6771428571428572
2.282722513089005
0.6422594142259415
0.07555555555555556
2.7045454545454546
0.24719101123595505
0.264
1.307875894988067
0.1722689075630252
80.375
1.4015748031496063
30.583333333333332
0.15204678362573099
0.8710247349823321
0.5258964143426295
0.9397590361445783
1.288056206088993
1.063621533442088
3.5175879396984926
0.18846153846153846
1.1294117647058823
0.23869346733668342
1.010752688172043
0.1072463768115942
1.9873417721518987
0.35294117647058826
0.7
1.0778588807785887
1.1958955223880596
12.152173913043478
13.375
1.5789473684210527
0.17438692098092642
8.135922330097088
1.7222222222222223
0.48661417322834644
0.10909090909090909
0.39398496240601505
0.562111801242236
0.4645161290322581
1.289198606271777
5.142857142857143
1.0777027027027026
1.7232142857142858
9.307692307692308
0.17875647668393782
0.46174142480211083
1.1786833855799372
4.176470588235294
0.5789473684210527
0.43902439024390244
5.137724550898204
1.7669376693766938
0.6521739130434783
0.52465483234714
10.137931034482758
2.493827160493827
0.24804177545691905
0.5339578454332553
1.230188679245283
1.7050847457627119
0.29365079365079366
2.158273381294964
6.405405405405405
0.3034934497816594
1.5227272727272727
0.03896103896103896
1.9366666666666668
0.36187845303867405
1.4364640883977902
1.5359712230215827
0.197265625
0.27304347826086955
0.398972602739726
0.14352941176470588
3.090566037735849
0.5894736842105263
0.9837209302325581
0.004454342984409799
0.13609467455621302
2.6346153846153846
3.8545454545454545
0.4037854889589905
0.24403669724770644
0.03375
0.15112540192926044
1.4641350210970465
1.9867109634551494
3.6586538461538463
1.8456375838926173
0.05030181086519115
5.37
0.9765258215962441
0.37986270022883295
0.4578125
0.8942307692307693
2.691358024691358
0.10722610722610723
0.48823529411764705
16.047619047619047
2.4
1.39
0.38940092165898615
1.5906735751295338
1.2863636363636364
0.7954545454545454
0.7258426966292135
2.079754601226994
2.6587301587301586
0.4128787878787879
0.9134860050890585
0.28689492325855964
3.230769230769231
0.16614906832298137
1.2376237623762376
1.1964285714285714
0.4745762711864407
0.10810810810810811
0.40412979351032446
0.99
0.17027027027027028
0.6547619047619048
0.8052631578947368
19.285714285714285
1.0316901408450705
3.391304347826087
167.2
0.6363636363636364
1.3218390804597702
0.2674698795180723
0.036684782608695655
1.0802919708029197
2.2857142857142856
0.06074766355140187
0.3482587064676617
42.75
0.1969309462915601
0.6515837104072398
7.571428571428571
0.8508771929824561
2.179054054054054
0.10217113665389528
4.9609375
0.7323177366702938
0.2586412395709178
0.8656527249683144
9.984615384615385
0.7656903765690377
1.3017241379310345
0.08893956670467502
0.8186046511627907
0.996742671009772
0.4166666666666667
0.48554913294797686
0.4222972972972973
8.8
0.28794642857142855
4.348484848484849
0.012
0.06928104575163399
0.1066066066066066
0.3892733564013841
3.797979797979798
59.0
2.5
3.0985915492957745
2.437956204379562
0.4848851269649335
1.0413589364844904
1.537284894837476
1.7436619718309858
2.6964285714285716
0.3463855421686747
0.7642857142857142
1.1869565217391305
1.3461538461538463
4.032258064516129
0.24436090225563908
1.3640167364016735
3.763157894736842
0.0777479892761394
0.49504950495049505
1.0382513661202186
0.3935361216730038
2.7096774193548385
0.8259803921568627
0.632086851628468
1.7763157894736843
0.5870967741935483
0.9398907103825137
13.368421052631579
0.19900497512437812
0.9350132625994695
1.012970168612192
2.491228070175439
5.737288135593221
1.871900826446281
0.6
2.2389078498293515
4.665048543689321
0.9211822660098522
0.547945205479452
1.3222453222453223
0.5330882352941176
1.4126074498567336
0.47846153846153844
1.6847133757961783
0.05555555555555555
1.3333333333333333
1.5940170940170941
0.16822429906542055
11.333333333333334
0.7710144927536232
17.068181818181817
0.44468085106382976
0.07163742690058479
5.145695364238411
0.14450867052023122
11.971014492753623
0.04205607476635514
2.305135951661631
6.816793893129771
3.518324607329843
4.412371134020619
1.1064189189189189
1.7045009784735812
11.3125
0.9406952965235174
0.2747688243064729
0.3542795232936078
0.09706959706959707
0.3924050632911392
3.0252100840336134
0.21604938271604937
0.6160520607375272
0.9473684210526315
1.8469055374592833
0.8348387096774194
0.6850393700787402
0.6867219917012448
0.09191176470588236
2.5833333333333335
2.91699604743083
6.252525252525253
0.4510556621880998
1.3196428571428571
1.1131386861313868
36.833333333333336
2.9766355140186915
0.15859766277128548
126.5
0.5136186770428015
4.597701149425287
3.0
0.3695652173913043
1.2676470588235293
0.10423825887743414
0.15177304964539007
106.16666666666667
0.15822784810126583
1.6274509803921569
0.011235955056179775
0.8641826923076923
2.2285714285714286
0.2465986394557823
0.9877049180327869
0.18773946360153257
0.5026595744680851
0.15465268676277852
0.004884004884004884
0.9534368070953437
14.192307692307692
4.955223880597015
1.0
0.7139107611548556
0.3319587628865979
0.7390243902439024
2.533333333333333
1.4238095238095239
0.058823529411764705
2.44390243902439
1.791044776119403
3.1031746031746033
2.792079207920792
1.2479892761394102
1.4361111111111111
8.25
0.026729559748427674
1.2216494845360826
0.28823529411764703
1.852760736196319
1.2638888888888888
0.7206703910614525
0.6876876876876877
1.7816091954022988
2.865168539325843
3.3373493975903616
0.5473484848484849
0.2882447665056361
1.5601374570446735
1.68944099378882
0.037037037037037035
2.814946619217082
2.4214876033057853
1.4881889763779528
1.13215859030837
0.017985611510791366
0.8215613382899628
0.8696883852691218
11.816666666666666
0.26666666666666666
3.165137614678899
1.1470588235294117
0.08579465541490858
1.732620320855615
1.424757281553398
0.6796875
14.658536585365853
12.6875
1.4166666666666667
0.9653465346534653
1.127906976744186
2.4347826086956523
2.8646288209606987
15.035087719298245
4.583333333333333
9.64516129032258
0.8456375838926175
0.5595776772247361
1.7604166666666667
0.535483870967742
0.15261044176706828
1.0518518518518518
0.614
1.3432835820895523
0.22601626016260162
8.9375
24.833333333333332
0.9858299595141701
10.581395348837209
1.2430379746835443
5.939024390243903
0.6066481994459834
2.6506024096385543
2.1847826086956523
0.748587570621469
1.3862212943632568
0.38666666666666666
0.5387323943661971
15.452380952380953
0.21315192743764172
15.09375
1.2518518518518518
0.7821100917431193
1.0174418604651163
0.25862068965517243
10.793103448275861
0.1848184818481848
1.0387596899224807
0.042335766423357665
7.142857142857143
27.58823529411765
0.8896434634974533
0.352803738317757
0.10861423220973783
1.1358024691358024
2.393700787401575
0.8463114754098361
0.1909722222222222
1.5512048192771084
0.28222996515679444
0.6063157894736843
0.4081858407079646
1.549053356282272
2.477386934673367
4.078431372549019
0.45724907063197023
0.8231197771587744
0.7518248175182481
1.3673469387755102
0.4635036496350365
0.3026086956521739
0.06282722513089005
232.33333333333334
0.006349206349206349
5.04320987654321
0.014925373134328358
0.21062618595825428
0.43711340206185567
0.06984126984126984
0.5937984496124031
0.5584415584415584
0.14404761904761904
15.610169491525424
8.176470588235293
0.16722408026755853
0.5490909090909091
0.16619718309859155
0.3615916955017301
0.31208053691275167
0.2807825086306099
0.35470941883767537
1.3930348258706469
1.0266666666666666
0.18055555555555555
8.535714285714286
1.6614173228346456
13.681818181818182
0.7343283582089553
0.5711711711711712
0.6666666666666666
0.3409090909090909
0.0898379970544919
2.0340136054421767
0.6851485148514852
1.9452054794520548
1.8376068376068375
0.18181818181818182
0.21603563474387527
2.1437908496732025
3.680672268907563
1.9710144927536233
4.548611111111111
12.7
3.036363636363636
6.148760330578512
10.8
1.1282051282051282
0.8503401360544217
3.32
0.06527415143603134
7.851063829787234
0.42857142857142855
0.24172661870503598
0.6402877697841727
0.5452261306532663
10.652777777777779
0.3016194331983806
42.0
3.076923076923077
0.1902587519025875
0.7506702412868632
0.5714285714285714
0.26356589147286824
0.1757142857142857
4.705426356589148
0.8929889298892989
1.5515151515151515
1.3191489361702127
0.28421052631578947
0.4954128440366973
4.47945205479452
0.18204488778054864
1.7411764705882353
22.8
0.297427652733119
1.2415584415584415
1.0968992248062015
0.17681498829039813
0.13741496598639455
15.0
0.0040650406504065045
0.09411764705882353
4.443609022556391
0.29098360655737704
1.7464788732394365
0.16770186335403728
1.2518939393939394
1.3834586466165413
0.13559322033898305
1.3671641791044775
9.690909090909091
2.003021148036254
0.2702702702702703
0.4766081871345029
0.9833333333333333
4.470588235294118
0.9356321839080459
2.3602015113350125
0.15273775216138327
0.4311594202898551
0.9569377990430622
1.6433566433566433
2.8767123287671232
0.10465116279069768
0.6725239616613419
0.5864661654135338
1.369047619047619
0.3674418604651163
5.5
2.594059405940594
0.0050933786078098476
2.141552511415525
0.9115646258503401
0.40217391304347827
12.377358490566039
0.5273972602739726
2.016
7.573333333333333
0.45454545454545453
1.4213483146067416
0.9606299212598425
1.473469387755102
0.04294478527607362
0.5446009389671361
0.03914590747330961
5.0
0.8023715415019763
0.7816091954022989
0.23861566484517305
0.566060606060606
0.1334231805929919
0.2231404958677686
0.17933130699088146
0.7407407407407407
0.3445491251682369
0.07493540051679587
0.05892857142857143
0.30973451327433627
1.2608695652173914
0.40082644628099173
0.07816711590296496
0.6654676258992805
0.33925049309664695
1.299625468164794
4.976744186046512
4.7317073170731705
0.16129032258064516
0.19090909090909092
6.333333333333333
5.653225806451613
0.08788282290279627
0.1890145395799677
0.681045751633987
0.10479041916167664
1.8868613138686132
2.276595744680851
0.012956419316843345
0.03490990990990991
0.025974025974025976
1.2127236580516898
0.36220472440944884
0.05521472392638037
7.224137931034483
0.35294117647058826
5.189873417721519
2.5869565217391304
1.3266219239373602
0.4593406593406593
0.3215767634854772
1.0337078651685394
5.786885245901639
20.428571428571427
4.128205128205129
1.3148936170212766
0.04325259515570934
0.23026315789473684
1.6554621848739495
0.21033210332103322
0.9696969696969697
2.2155388471177946
7.2272727272727275
0.8325688073394495
2.8969072164948453
1.0231958762886597
0.8957055214723927
13.348837209302326
1.032258064516129
0.8345864661654135
2.376
2.728395061728395
1.5748031496062993
0.14505119453924914
0.886
0.16420361247947454
0.6676056338028169
1.3092436974789916
1.040920716112532
8.26086956521739
0.11188811188811189
0.0847457627118644
1.7936893203883495
0.7495881383855024
1.0761245674740485
2.6666666666666665
7.617647058823529
0.8621359223300971
8.159090909090908
0.7905569007263923
0.75
0.10428571428571429
1.286549707602339
1.176678445229682
0.20163170163170163
0.125
11.85483870967742
0.47609942638623326
1.707070707070707
2.719298245614035
1.9330357142857142
1.355
0.2605140186915888
4.666666666666667
11.41304347826087
2.5972222222222223
0.20192307692307693
1.0608695652173914
0.8743315508021391
1.9157894736842105
0.017167381974248927
1.3815028901734103
0.4775510204081633
0.43790849673202614
0.8605200945626478
1.3933649289099526
0.0941385435168739
0.18736842105263157
0.39943342776203966
0.45626822157434405
0.5396825396825397
6.888888888888889
0.5666666666666667
0.5481120584652862
0.7575757575757576
0.08974358974358974
0.4837310195227766
0.30605738575983
0.014598540145985401
0.5666666666666667
0.5057351407716372
0.5219941348973607
4.333333333333333
8.829268292682928
0.13595166163141995
0.05813953488372093
0.367047308319739
1.3271375464684014
3.821138211382114
0.34210526315789475
7.267605633802817
1.2358757062146892
0.19913419913419914
0.17857142857142858
7.571428571428571
1.1919191919191918
0.25806451612903225
0.453125
3.3733333333333335
1.5909090909090908
5.111111111111111
2.738095238095238
3.161172161172161
1.5517241379310345
0.35609756097560974
0.30997304582210244
2.227467811158798
0.006097560975609756
0.8928571428571429
0.9423868312757202
6.494949494949495
36.125
0.3803680981595092
0.56
4.647058823529412
0.9891891891891892
2.0521739130434784
0.18975332068311196
0.3494736842105263
1.947488584474886
0.46190476190476193
0.5328467153284672
0.6569767441860465
0.8273809523809523
0.02056555269922879
0.5859247135842881
0.8347826086956521
13.5
0.7453027139874739
0.24566473988439305
0.48211243611584326
0.9694323144104804
1.182456140350877
0.061855670103092786
0.42883211678832117
1.2663316582914572
1.1529411764705881
1.981818181818182
2.204022988505747
17.566666666666666
10.8
0.3251231527093596
1.7083333333333333
2.008968609865471
0.22666666666666666
0.12903225806451613
0.7414965986394558
1.2807570977917981
1.264
0.1457286432160804
1.8020304568527918
0.5945945945945946
0.504297994269341
0.7254004576659039
10.35135135135135
5.150602409638554
0.35467980295566504
0.562992125984252
1.1065989847715736
4.333333333333333
0.13539192399049882
1.411149825783972
0.9273049645390071
1.2516129032258065
3.3015873015873014
0.8468468468468469
0.6674157303370787
0.621380846325167
0.4216335540838852
0.521891418563923
0.32608695652173914
1.8661417322834646
0.5031055900621118
1.290566037735849
9.6875
1.325
0.09666666666666666
3.138095238095238
3.9368421052631577
0.0024183796856106408
0.49754901960784315
0.26639344262295084
0.43548387096774194
0.37943262411347517
0.4718875502008032
2.5859375
1.0572390572390573
0.8791208791208791
3.2222222222222223
1.4077868852459017
4.0
1.1829268292682926
1.201171875
42.05882352941177
0.2978723404255319
0.10535117056856187
1.3773584905660377
0.2555970149253731
0.0918141592920354
0.0053475935828877
0.5266106442577031
0.5620437956204379
0.9405144694533762
2.5892857142857144
0.15719063545150502
0.175
0.9090909090909091
0.042444821731748725
4.992957746478873
0.4599483204134367
1.3737957610789981
0.3540268456375839
0.4765625
0.44971264367816094
3.6406926406926408
1.2038369304556356
0.7218453188602443
1.41320293398533
0.5958333333333333
0.17209302325581396
0.13445378151260504
0.9161290322580645
5.333333333333333
1.7719298245614035
3.197969543147208
0.04477611940298507
2.1838235294117645
0.3648960739030023
4.6
9.55
1.7222222222222223
0.6355785837651122
0.22507122507122507
0.9490616621983914
1.0970149253731343
5.306451612903226
0.4491315136476427
0.3031446540880503
0.03860294117647059
3.217391304347826
0.3004694835680751
0.7977736549165121
0.9828947368421053
0.9748953974895398
0.3338150289017341
0.9444444444444444
19.96875
1.7409326424870466
0.7862903225806451
0.14518002322880372
0.059233449477351915
1.2666666666666666
7.147058823529412
2.076923076923077
4.688311688311688
0.3147208121827411
2.3195266272189348
3.481818181818182
1.1254612546125462
5.252173913043478
0.32090395480225986
0.6527777777777778
1.3517241379310345
0.9544554455445544
14.2
0.21460674157303372
3.7476635514018692
1.5833333333333333
9.421052631578947
2.8666666666666667
0.8091954022988506
12.125
45.72727272727273
0.19158878504672897
5.274193548387097
0.11075612353567625
0.1932059447983015
2.078231292517007
1.13013698630137
2.18348623853211
0.13248407643312102
0.01079136690647482
0.11699779249448124
0.0035629453681710215
1.105058365758755
1.406015037593985
0.034482758620689655
8.661764705882353
46.45
3.3489208633093526
0.09900990099009901
3.1636363636363636
1.5441176470588236
0.5487364620938628
1.1205211726384365
2.5742574257425743
2.387218045112782
0.0513595166163142
13.24
0.36551724137931035
0.10681818181818181
5.838709677419355
1.2666666666666666
7.083333333333333
3.518987341772152
2.183673469387755
3.4680851063829787
0.4717514124293785
1.267515923566879
2.118279569892473
11.826086956521738
31.94736842105263
0.8560687432867884
1.2350936967632027
1.2798507462686568
0.48976109215017066
5.75
1.8406113537117903
1.8075601374570447
1.420731707317073
1.9570957095709571
0.0891089108910891
2.5021459227467813
1.6451612903225807
3.098901098901099
0.3231197771587744
0.4651567944250871
0.6009615384615384
0.6135531135531136
0.23160173160173161
0.19486581096849476
1.2413793103448276
49.666666666666664
1.323943661971831
5.444444444444445
0.8118811881188119
2.1449814126394053
2.9846153846153847
0.33184855233853006
1.1205882352941177
1.3282442748091603
0.18277310924369747
0.37333333333333335
0.5837988826815642
1.835164835164835
12.682926829268293
1.6384976525821595
4.0
3.1704545454545454
4.775862068965517
0.9197530864197531
1.3379501385041552
1.3703703703703705
1.3859649122807018
1.1283783783783783
0.255125284738041
1.3699551569506727
0.8994413407821229
1.191304347826087
1.7973856209150327
0.3003412969283277
0.52
0.3248407643312102
0.704
2.556603773584906
1.2737430167597765
1.7763975155279503
0.8888888888888888
0.9961389961389961
4.136842105263158
0.21933085501858737
1.2365269461077844
1.0069686411149825
0.18811881188118812
0.3126934984520124
2.170316301703163
1.6794582392776525
0.33762886597938147
0.5685483870967742
0.5463414634146342
0.17060367454068243
0.19811320754716982
3.111111111111111
2.847750865051903
7.190476190476191
56.5
0.14152410575427682
0.5772994129158513
7.25
1.3733905579399142
6.333333333333333
0.7262247838616714
0.6482939632545932
9.529411764705882
3.3179190751445087
0.06859205776173286
1.9304812834224598
0.5870206489675516
5.125
3.4305555555555554
0.9787234042553191
0.44855305466237944
2.1094890510948905
7.390625
2.0350877192982457
0.49454545454545457
0.9830246913580247
0.3333333333333333
0.81875
6.017241379310345
0.34408602150537637
2.170854271356784
2.0569395017793592
20.044444444444444
25.862068965517242
0.3436293436293436
1.4974358974358974
